Date,Views,Subscribers,Partners,Videos,Earnings,Total Views,Total Subscribers,Total Partners,Total Videos,Total Earnings
1/1/2016,36150,91,30,575,54.225,36150,91,30,575,54.225
1/2/2016,95104,962,2,347,142.656,131254,1053,32,922,196.881
1/3/2016,6556,390,4,200,9.834,137810,1443,36,1122,206.715
1/4/2016,74855,96,44,695,112.2825,212665,1539,80,1817,318.9975
1/5/2016,5570,299,24,208,8.355,218235,1838,104,2025,327.3525
1/6/2016,17387,834,9,914,26.0805,235622,2672,113,2939,353.433
1/7/2016,49080,258,33,364,73.62,284702,2930,146,3303,427.053
1/8/2016,24362,834,25,730,36.543,309064,3764,171,4033,463.596
1/9/2016,2454,28,50,905,3.681,311518,3792,221,4938,467.277
1/10/2016,74842,668,4,662,112.263,386360,4460,225,5600,579.54
1/11/2016,93909,575,19,940,140.8635,480269,5035,244,6540,720.4035
1/12/2016,28547,127,13,916,42.8205,508816,5162,257,7456,763.224
1/13/2016,50776,582,2,780,76.164,559592,5744,259,8236,839.388
1/14/2016,39748,895,29,873,59.622,599340,6639,288,9109,899.01
1/15/2016,45883,311,20,765,68.8245,645223,6950,308,9874,967.8345
1/16/2016,44385,113,2,828,66.5775,689608,7063,310,10702,1034.412
1/17/2016,48350,455,37,606,72.525,737958,7518,347,11308,1106.937
1/18/2016,75688,202,37,506,113.532,813646,7720,384,11814,1220.469
1/19/2016,29168,721,34,399,43.752,842814,8441,418,12213,1264.221
1/20/2016,68442,257,42,383,102.663,911256,8698,460,12596,1366.884
1/21/2016,16618,972,15,625,24.927,927874,9670,475,13221,1391.811
1/22/2016,33419,853,49,687,50.1285,961293,10523,524,13908,1441.9395
1/23/2016,58059,325,38,857,87.0885,1019352,10848,562,14765,1529.028
1/24/2016,11502,777,26,776,17.253,1030854,11625,588,15541,1546.281
1/25/2016,35805,279,14,855,53.7075,1066659,11904,602,16396,1599.9885
1/26/2016,28820,609,16,931,43.23,1095479,12513,618,17327,1643.2185
1/27/2016,76303,915,14,400,114.4545,1171782,13428,632,17727,1757.673
1/28/2016,88085,697,5,904,132.1275,1259867,14125,637,18631,1889.8005
1/29/2016,84702,46,35,805,127.053,1344569,14171,672,19436,2016.8535
1/30/2016,94095,165,44,643,141.1425,1438664,14336,716,20079,2157.996
1/31/2016,80486,492,0,818,120.729,1519150,14828,716,20897,2278.725
2/1/2016,72952,253,38,589,109.428,1592102,15081,754,21486,2388.153
2/2/2016,37103,806,35,197,55.6545,1629205,15887,789,21683,2443.8075
2/3/2016,98468,89,14,376,147.702,1727673,15976,803,22059,2591.5095
2/4/2016,74672,168,46,382,112.008,1802345,16144,849,22441,2703.5175
2/5/2016,7584,270,49,885,11.376,1809929,16414,898,23326,2714.8935
2/6/2016,88600,496,13,735,132.9,1898529,16910,911,24061,2847.7935
2/7/2016,22669,184,42,285,34.0035,1921198,17094,953,24346,2881.797
2/8/2016,5380,119,18,224,8.07,1926578,17213,971,24570,2889.867
2/9/2016,70452,308,21,322,105.678,1997030,17521,992,24892,2995.545
2/10/2016,30083,852,50,376,45.1245,2027113,18373,1042,25268,3040.6695
2/11/2016,1403,149,18,783,2.1045,2028516,18522,1060,26051,3042.774
2/12/2016,21552,501,2,667,32.328,2050068,19023,1062,26718,3075.102
2/13/2016,78483,560,8,211,117.7245,2128551,19583,1070,26929,3192.8265
2/14/2016,52442,455,47,977,78.663,2180993,20038,1117,27906,3271.4895
2/15/2016,66861,14,7,597,100.2915,2247854,20052,1124,28503,3371.781
2/16/2016,41270,318,31,926,61.905,2289124,20370,1155,29429,3433.686
2/17/2016,96150,892,15,798,144.225,2385274,21262,1170,30227,3577.911
2/18/2016,92353,447,45,248,138.5295,2477627,21709,1215,30475,3716.4405
2/19/2016,87243,752,43,259,130.8645,2564870,22461,1258,30734,3847.305
2/20/2016,78186,164,47,881,117.279,2643056,22625,1305,31615,3964.584
2/21/2016,39086,983,44,581,58.629,2682142,23608,1349,32196,4023.213
2/22/2016,41091,335,50,335,61.6365,2723233,23943,1399,32531,4084.8495
2/23/2016,44076,533,16,137,66.114,2767309,24476,1415,32668,4150.9635
2/24/2016,35523,937,18,670,53.2845,2802832,25413,1433,33338,4204.248
2/25/2016,46916,119,26,474,70.374,2849748,25532,1459,33812,4274.622
2/26/2016,42524,860,43,792,63.786,2892272,26392,1502,34604,4338.408
2/27/2016,42742,271,34,986,64.113,2935014,26663,1536,35590,4402.521
2/28/2016,45827,873,14,903,68.7405,2980841,27536,1550,36493,4471.2615
2/29/2016,57610,674,21,400,86.415,3038451,28210,1571,36893,4557.6765
3/1/2016,15018,697,25,922,22.527,3053469,28907,1596,37815,4580.2035
3/2/2016,7477,916,34,940,11.2155,3060946,29823,1630,38755,4591.419
3/3/2016,58971,27,41,577,88.4565,3119917,29850,1671,39332,4679.8755
3/4/2016,7446,553,43,923,11.169,3127363,30403,1714,40255,4691.0445
3/5/2016,28933,802,5,495,43.3995,3156296,31205,1719,40750,4734.444
3/6/2016,48911,265,26,828,73.3665,3205207,31470,1745,41578,4807.8105
3/7/2016,76566,655,25,949,114.849,3281773,32125,1770,42527,4922.6595
3/8/2016,71667,665,17,142,107.5005,3353440,32790,1787,42669,5030.16
3/9/2016,39734,740,3,132,59.601,3393174,33530,1790,42801,5089.761
3/10/2016,13486,265,26,591,20.229,3406660,33795,1816,43392,5109.99
3/11/2016,48332,468,16,313,72.498,3454992,34263,1832,43705,5182.488
3/12/2016,58825,555,2,222,88.2375,3513817,34818,1834,43927,5270.7255
3/13/2016,97671,240,41,267,146.5065,3611488,35058,1875,44194,5417.232
3/14/2016,51214,134,34,523,76.821,3662702,35192,1909,44717,5494.053
3/15/2016,19735,632,2,344,29.6025,3682437,35824,1911,45061,5523.6555
3/16/2016,7847,519,34,670,11.7705,3690284,36343,1945,45731,5535.426
3/17/2016,97281,455,23,219,145.9215,3787565,36798,1968,45950,5681.3475
3/18/2016,76249,243,35,363,114.3735,3863814,37041,2003,46313,5795.721
3/19/2016,52341,137,37,635,78.5115,3916155,37178,2040,46948,5874.2325
3/20/2016,36820,549,9,372,55.23,3952975,37727,2049,47320,5929.4625
3/21/2016,40737,961,23,381,61.1055,3993712,38688,2072,47701,5990.568
3/22/2016,62602,998,26,278,93.903,4056314,39686,2098,47979,6084.471
3/23/2016,84408,387,26,704,126.612,4140722,40073,2124,48683,6211.083
3/24/2016,17772,522,29,990,26.658,4158494,40595,2153,49673,6237.741
3/25/2016,59848,742,3,355,89.772,4218342,41337,2156,50028,6327.513
3/26/2016,93378,346,35,867,140.067,4311720,41683,2191,50895,6467.58
3/27/2016,74968,614,8,871,112.452,4386688,42297,2199,51766,6580.032
3/28/2016,54576,442,9,521,81.864,4441264,42739,2208,52287,6661.896
3/29/2016,49716,17,45,971,74.574,4490980,42756,2253,53258,6736.47
3/30/2016,92691,327,19,845,139.0365,4583671,43083,2272,54103,6875.5065
3/31/2016,80607,438,0,603,120.9105,4664278,43521,2272,54706,6996.417
4/1/2016,56260,690,12,724,84.39,4720538,44211,2284,55430,7080.807
4/2/2016,98472,801,43,352,147.708,4819010,45012,2327,55782,7228.515
4/3/2016,30602,401,38,761,45.903,4849612,45413,2365,56543,7274.418
4/4/2016,16362,349,20,684,24.543,4865974,45762,2385,57227,7298.961
4/5/2016,69002,364,33,109,103.503,4934976,46126,2418,57336,7402.464
4/6/2016,86604,317,29,351,129.906,5021580,46443,2447,57687,7532.37
4/7/2016,40207,832,37,717,60.3105,5061787,47275,2484,58404,7592.6805
4/8/2016,71444,529,38,698,107.166,5133231,47804,2522,59102,7699.8465
4/9/2016,42698,379,27,688,64.047,5175929,48183,2549,59790,7763.8935
4/10/2016,6689,604,7,892,10.0335,5182618,48787,2556,60682,7773.927
4/11/2016,69535,260,45,373,104.3025,5252153,49047,2601,61055,7878.2295
4/12/2016,37949,312,14,943,56.9235,5290102,49359,2615,61998,7935.153
4/13/2016,95829,265,17,736,143.7435,5385931,49624,2632,62734,8078.8965
4/14/2016,98605,391,2,102,147.9075,5484536,50015,2634,62836,8226.804
4/15/2016,70049,232,10,807,105.0735,5554585,50247,2644,63643,8331.8775
4/16/2016,56787,812,12,986,85.1805,5611372,51059,2656,64629,8417.058
4/17/2016,92789,541,20,627,139.1835,5704161,51600,2676,65256,8556.2415
4/18/2016,24695,178,4,454,37.0425,5728856,51778,2680,65710,8593.284
4/19/2016,76805,745,13,927,115.2075,5805661,52523,2693,66637,8708.4915
4/20/2016,72955,298,43,107,109.4325,5878616,52821,2736,66744,8817.924
4/21/2016,17587,685,42,662,26.3805,5896203,53506,2778,67406,8844.3045
4/22/2016,37371,167,21,629,56.0565,5933574,53673,2799,68035,8900.361
4/23/2016,88269,470,46,799,132.4035,6021843,54143,2845,68834,9032.7645
4/24/2016,89271,587,17,302,133.9065,6111114,54730,2862,69136,9166.671
4/25/2016,69082,322,4,557,103.623,6180196,55052,2866,69693,9270.294
4/26/2016,59614,595,48,479,89.421,6239810,55647,2914,70172,9359.715
4/27/2016,48290,946,42,548,72.435,6288100,56593,2956,70720,9432.15
4/28/2016,68700,58,11,403,103.05,6356800,56651,2967,71123,9535.2
4/29/2016,40193,367,13,112,60.2895,6396993,57018,2980,71235,9595.4895
4/30/2016,35855,196,14,373,53.7825,6432848,57214,2994,71608,9649.272
5/1/2016,62837,997,4,407,94.2555,6495685,58211,2998,72015,9743.5275
5/2/2016,22952,697,2,143,34.428,6518637,58908,3000,72158,9777.9555
5/3/2016,88212,344,37,518,132.318,6606849,59252,3037,72676,9910.2735
5/4/2016,44585,315,48,116,66.8775,6651434,59567,3085,72792,9977.151
5/5/2016,72739,497,10,125,109.1085,6724173,60064,3095,72917,10086.2595
5/6/2016,83069,287,22,442,124.6035,6807242,60351,3117,73359,10210.863
5/7/2016,94274,95,41,986,141.411,6901516,60446,3158,74345,10352.274
5/8/2016,16193,319,46,283,24.2895,6917709,60765,3204,74628,10376.5635
5/9/2016,80881,775,18,571,121.3215,6998590,61540,3222,75199,10497.885
5/10/2016,81529,350,33,782,122.2935,7080119,61890,3255,75981,10620.1785
5/11/2016,71644,341,27,843,107.466,7151763,62231,3282,76824,10727.6445
5/12/2016,80638,858,22,842,120.957,7232401,63089,3304,77666,10848.6015
5/13/2016,90579,304,46,145,135.8685,7322980,63393,3350,77811,10984.47
5/14/2016,21156,58,50,288,31.734,7344136,63451,3400,78099,11016.204
5/15/2016,21058,324,17,487,31.587,7365194,63775,3417,78586,11047.791
5/16/2016,19544,21,7,186,29.316,7384738,63796,3424,78772,11077.107
5/17/2016,99641,169,18,711,149.4615,7484379,63965,3442,79483,11226.5685
5/18/2016,27170,500,24,415,40.755,7511549,64465,3466,79898,11267.3235
5/19/2016,45357,19,41,997,68.0355,7556906,64484,3507,80895,11335.359
5/20/2016,99254,395,46,379,148.881,7656160,64879,3553,81274,11484.24
5/21/2016,69482,774,43,697,104.223,7725642,65653,3596,81971,11588.463
5/22/2016,82401,995,21,352,123.6015,7808043,66648,3617,82323,11712.0645
5/23/2016,67634,31,39,438,101.451,7875677,66679,3656,82761,11813.5155
5/24/2016,59903,669,28,421,89.8545,7935580,67348,3684,83182,11903.37
5/25/2016,30500,569,10,389,45.75,7966080,67917,3694,83571,11949.12
5/26/2016,11950,338,26,906,17.925,7978030,68255,3720,84477,11967.045
5/27/2016,58433,723,12,564,87.6495,8036463,68978,3732,85041,12054.6945
5/28/2016,10423,579,37,164,15.6345,8046886,69557,3769,85205,12070.329
5/29/2016,80854,224,49,888,121.281,8127740,69781,3818,86093,12191.61
5/30/2016,43143,119,20,843,64.7145,8170883,69900,3838,86936,12256.3245
5/31/2016,46073,26,7,154,69.1095,8216956,69926,3845,87090,12325.434
6/1/2016,12689,724,34,774,19.0335,8229645,70650,3879,87864,12344.4675
6/2/2016,1329,399,40,933,1.9935,8230974,71049,3919,88797,12346.461
6/3/2016,39346,362,27,245,59.019,8270320,71411,3946,89042,12405.48
6/4/2016,46930,820,48,857,70.395,8317250,72231,3994,89899,12475.875
6/5/2016,78190,171,33,263,117.285,8395440,72402,4027,90162,12593.16
6/6/2016,49827,824,36,348,74.7405,8445267,73226,4063,90510,12667.9005
6/7/2016,25853,651,27,581,38.7795,8471120,73877,4090,91091,12706.68
6/8/2016,17882,31,17,145,26.823,8489002,73908,4107,91236,12733.503
6/9/2016,97906,761,16,583,146.859,8586908,74669,4123,91819,12880.362
6/10/2016,39864,586,31,110,59.796,8626772,75255,4154,91929,12940.158
6/11/2016,58437,844,27,275,87.6555,8685209,76099,4181,92204,13027.8135
6/12/2016,79782,85,42,398,119.673,8764991,76184,4223,92602,13147.4865
6/13/2016,82584,624,19,226,123.876,8847575,76808,4242,92828,13271.3625
6/14/2016,52183,534,1,706,78.2745,8899758,77342,4243,93534,13349.637
6/15/2016,38301,280,4,490,57.4515,8938059,77622,4247,94024,13407.0885
6/16/2016,15170,585,5,143,22.755,8953229,78207,4252,94167,13429.8435
6/17/2016,83370,739,14,209,125.055,9036599,78946,4266,94376,13554.8985
6/18/2016,80861,619,43,619,121.2915,9117460,79565,4309,94995,13676.19
6/19/2016,94005,91,14,780,141.0075,9211465,79656,4323,95775,13817.1975
6/20/2016,78121,101,41,978,117.1815,9289586,79757,4364,96753,13934.379
6/21/2016,57285,101,42,976,85.9275,9346871,79858,4406,97729,14020.3065
6/22/2016,58633,761,40,163,87.9495,9405504,80619,4446,97892,14108.256
6/23/2016,36531,653,40,732,54.7965,9442035,81272,4486,98624,14163.0525
6/24/2016,1240,892,1,687,1.86,9443275,82164,4487,99311,14164.9125
6/25/2016,67920,45,40,194,101.88,9511195,82209,4527,99505,14266.7925
6/26/2016,76909,880,10,393,115.3635,9588104,83089,4537,99898,14382.156
6/27/2016,55136,692,38,219,82.704,9643240,83781,4575,100117,14464.86
6/28/2016,37503,276,0,935,56.2545,9680743,84057,4575,101052,14521.1145
6/29/2016,24037,548,22,822,36.0555,9704780,84605,4597,101874,14557.17
6/30/2016,73754,419,44,763,110.631,9778534,85024,4641,102637,14667.801
7/1/2016,93146,333,11,975,139.719,9871680,85357,4652,103612,14807.52
7/2/2016,10902,930,45,358,16.353,9882582,86287,4697,103970,14823.873
7/3/2016,32484,533,36,593,48.726,9915066,86820,4733,104563,14872.599
7/4/2016,81456,668,28,363,122.184,9996522,87488,4761,104926,14994.783
7/5/2016,14978,985,33,647,22.467,10011500,88473,4794,105573,15017.25
7/6/2016,77043,706,34,107,115.5645,10088543,89179,4828,105680,15132.8145
7/7/2016,58632,839,41,803,87.948,10147175,90018,4869,106483,15220.7625
7/8/2016,66747,958,43,831,100.1205,10213922,90976,4912,107314,15320.883
7/9/2016,31872,352,4,492,47.808,10245794,91328,4916,107806,15368.691
7/10/2016,4240,373,20,137,6.36,10250034,91701,4936,107943,15375.051
7/11/2016,59457,348,23,423,89.1855,10309491,92049,4959,108366,15464.2365
7/12/2016,21587,287,13,302,32.3805,10331078,92336,4972,108668,15496.617
7/13/2016,99936,618,39,653,149.904,10431014,92954,5011,109321,15646.521
7/14/2016,45742,461,8,293,68.613,10476756,93415,5019,109614,15715.134
7/15/2016,5494,800,45,612,8.241,10482250,94215,5064,110226,15723.375
7/16/2016,74298,68,4,474,111.447,10556548,94283,5068,110700,15834.822
7/17/2016,28360,456,15,441,42.54,10584908,94739,5083,111141,15877.362
7/18/2016,76583,464,44,849,114.8745,10661491,95203,5127,111990,15992.2365
7/19/2016,84829,535,39,845,127.2435,10746320,95738,5166,112835,16119.48
7/20/2016,76575,989,11,416,114.8625,10822895,96727,5177,113251,16234.3425
7/21/2016,51175,420,30,952,76.7625,10874070,97147,5207,114203,16311.105
7/22/2016,20603,506,21,482,30.9045,10894673,97653,5228,114685,16342.0095
7/23/2016,2552,242,34,386,3.828,10897225,97895,5262,115071,16345.8375
7/24/2016,43430,146,31,135,65.145,10940655,98041,5293,115206,16410.9825
7/25/2016,5461,308,2,599,8.1915,10946116,98349,5295,115805,16419.174
7/26/2016,82430,451,38,402,123.645,11028546,98800,5333,116207,16542.819
7/27/2016,3560,43,25,163,5.34,11032106,98843,5358,116370,16548.159
7/28/2016,18657,352,13,571,27.9855,11050763,99195,5371,116941,16576.1445
7/29/2016,70624,332,16,716,105.936,11121387,99527,5387,117657,16682.0805
7/30/2016,62610,287,36,201,93.915,11183997,99814,5423,117858,16775.9955
7/31/2016,98472,857,25,508,147.708,11282469,100671,5448,118366,16923.7035
8/1/2016,41182,252,24,532,61.773,11323651,100923,5472,118898,16985.4765
8/2/2016,67970,321,19,857,101.955,11391621,101244,5491,119755,17087.4315
8/3/2016,99036,671,8,268,148.554,11490657,101915,5499,120023,17235.9855
8/4/2016,89316,314,39,425,133.974,11579973,102229,5538,120448,17369.9595
8/5/2016,88143,191,46,812,132.2145,11668116,102420,5584,121260,17502.174
8/6/2016,61577,903,31,518,92.3655,11729693,103323,5615,121778,17594.5395
8/7/2016,70665,789,20,150,105.9975,11800358,104112,5635,121928,17700.537
8/8/2016,15056,930,32,363,22.584,11815414,105042,5667,122291,17723.121
8/9/2016,50117,430,17,272,75.1755,11865531,105472,5684,122563,17798.2965
8/10/2016,75684,153,20,917,113.526,11941215,105625,5704,123480,17911.8225
8/11/2016,39051,150,14,987,58.5765,11980266,105775,5718,124467,17970.399
8/12/2016,29292,241,33,694,43.938,12009558,106016,5751,125161,18014.337
8/13/2016,57036,765,34,955,85.554,12066594,106781,5785,126116,18099.891
8/14/2016,8114,885,46,885,12.171,12074708,107666,5831,127001,18112.062
8/15/2016,53707,104,2,165,80.5605,12128415,107770,5833,127166,18192.6225
8/16/2016,54391,214,46,619,81.5865,12182806,107984,5879,127785,18274.209
8/17/2016,73176,226,29,568,109.764,12255982,108210,5908,128353,18383.973
8/18/2016,21467,835,28,310,32.2005,12277449,109045,5936,128663,18416.1735
8/19/2016,58241,689,40,851,87.3615,12335690,109734,5976,129514,18503.535
8/20/2016,51378,693,37,197,77.067,12387068,110427,6013,129711,18580.602
8/21/2016,32123,782,41,260,48.1845,12419191,111209,6054,129971,18628.7865
8/22/2016,82167,742,50,647,123.2505,12501358,111951,6104,130618,18752.037
8/23/2016,10860,309,6,674,16.29,12512218,112260,6110,131292,18768.327
8/24/2016,16232,845,9,356,24.348,12528450,113105,6119,131648,18792.675
8/25/2016,40226,598,1,367,60.339,12568676,113703,6120,132015,18853.014
8/26/2016,10647,969,20,731,15.9705,12579323,114672,6140,132746,18868.9845
8/27/2016,69167,683,9,601,103.7505,12648490,115355,6149,133347,18972.735
8/28/2016,76459,463,40,176,114.6885,12724949,115818,6189,133523,19087.4235
8/29/2016,53468,834,49,672,80.202,12778417,116652,6238,134195,19167.6255
8/30/2016,73258,598,40,594,109.887,12851675,117250,6278,134789,19277.5125
8/31/2016,26783,440,20,863,40.1745,12878458,117690,6298,135652,19317.687
9/1/2016,12646,806,31,241,18.969,12891104,118496,6329,135893,19336.656
9/2/2016,32102,987,33,226,48.153,12923206,119483,6362,136119,19384.809
9/3/2016,90702,905,43,271,136.053,13013908,120388,6405,136390,19520.862
9/4/2016,16047,626,43,401,24.0705,13029955,121014,6448,136791,19544.9325
9/5/2016,16594,778,34,973,24.891,13046549,121792,6482,137764,19569.8235
9/6/2016,65765,806,46,446,98.6475,13112314,122598,6528,138210,19668.471
9/7/2016,33054,861,18,678,49.581,13145368,123459,6546,138888,19718.052
9/8/2016,87866,548,27,192,131.799,13233234,124007,6573,139080,19849.851
9/9/2016,58189,146,39,810,87.2835,13291423,124153,6612,139890,19937.1345
9/10/2016,14825,43,4,451,22.2375,13306248,124196,6616,140341,19959.372
9/11/2016,79920,430,17,367,119.88,13386168,124626,6633,140708,20079.252
9/12/2016,63819,755,8,978,95.7285,13449987,125381,6641,141686,20174.9805
9/13/2016,95674,699,14,390,143.511,13545661,126080,6655,142076,20318.4915
9/14/2016,74841,542,44,660,112.2615,13620502,126622,6699,142736,20430.753
9/15/2016,59423,204,28,894,89.1345,13679925,126826,6727,143630,20519.8875
9/16/2016,67180,728,25,997,100.77,13747105,127554,6752,144627,20620.6575
9/17/2016,49267,282,3,389,73.9005,13796372,127836,6755,145016,20694.558
9/18/2016,47767,70,48,582,71.6505,13844139,127906,6803,145598,20766.2085
9/19/2016,86379,714,15,290,129.5685,13930518,128620,6818,145888,20895.777
9/20/2016,62964,989,25,994,94.446,13993482,129609,6843,146882,20990.223
9/21/2016,72577,109,27,883,108.8655,14066059,129718,6870,147765,21099.0885
9/22/2016,89922,396,17,939,134.883,14155981,130114,6887,148704,21233.9715
9/23/2016,63943,559,14,945,95.9145,14219924,130673,6901,149649,21329.886
9/24/2016,22854,785,23,890,34.281,14242778,131458,6924,150539,21364.167
9/25/2016,46331,131,7,589,69.4965,14289109,131589,6931,151128,21433.6635
9/26/2016,14144,94,1,144,21.216,14303253,131683,6932,151272,21454.8795
9/27/2016,96908,215,42,685,145.362,14400161,131898,6974,151957,21600.2415
9/28/2016,93568,745,21,323,140.352,14493729,132643,6995,152280,21740.5935
9/29/2016,16250,577,33,359,24.375,14509979,133220,7028,152639,21764.9685
9/30/2016,1419,292,2,384,2.1285,14511398,133512,7030,153023,21767.097
10/1/2016,82815,918,48,826,124.2225,14594213,134430,7078,153849,21891.3195
10/2/2016,69503,806,27,686,104.2545,14663716,135236,7105,154535,21995.574
10/3/2016,59014,528,50,769,88.521,14722730,135764,7155,155304,22084.095
10/4/2016,54274,836,16,796,81.411,14777004,136600,7171,156100,22165.506
10/5/2016,47409,550,2,896,71.1135,14824413,137150,7173,156996,22236.6195
10/6/2016,58759,610,15,403,88.1385,14883172,137760,7188,157399,22324.758
10/7/2016,26201,778,44,836,39.3015,14909373,138538,7232,158235,22364.0595
10/8/2016,3285,615,36,661,4.9275,14912658,139153,7268,158896,22368.987
10/9/2016,11375,928,49,610,17.0625,14924033,140081,7317,159506,22386.0495
10/10/2016,84988,329,30,692,127.482,15009021,140410,7347,160198,22513.5315
10/11/2016,15995,163,38,434,23.9925,15025016,140573,7385,160632,22537.524
10/12/2016,86774,669,25,707,130.161,15111790,141242,7410,161339,22667.685
10/13/2016,17487,308,33,942,26.2305,15129277,141550,7443,162281,22693.9155
10/14/2016,82039,570,7,576,123.0585,15211316,142120,7450,162857,22816.974
10/15/2016,27705,117,5,413,41.5575,15239021,142237,7455,163270,22858.5315
10/16/2016,34861,283,32,423,52.2915,15273882,142520,7487,163693,22910.823
10/17/2016,30509,835,46,724,45.7635,15304391,143355,7533,164417,22956.5865
10/18/2016,93264,162,20,560,139.896,15397655,143517,7553,164977,23096.4825
10/19/2016,95290,44,20,585,142.935,15492945,143561,7573,165562,23239.4175
10/20/2016,94714,969,17,728,142.071,15587659,144530,7590,166290,23381.4885
10/21/2016,3686,278,27,491,5.529,15591345,144808,7617,166781,23387.0175
10/22/2016,1239,52,44,384,1.8585,15592584,144860,7661,167165,23388.876
10/23/2016,84689,276,7,124,127.0335,15677273,145136,7668,167289,23515.9095
10/24/2016,83397,822,12,251,125.0955,15760670,145958,7680,167540,23641.005
10/25/2016,83676,988,6,817,125.514,15844346,146946,7686,168357,23766.519
10/26/2016,87498,584,45,245,131.247,15931844,147530,7731,168602,23897.766
10/27/2016,11493,367,5,883,17.2395,15943337,147897,7736,169485,23915.0055
10/28/2016,97699,538,38,390,146.5485,16041036,148435,7774,169875,24061.554
10/29/2016,73386,845,34,605,110.079,16114422,149280,7808,170480,24171.633
10/30/2016,76670,68,50,704,115.005,16191092,149348,7858,171184,24286.638
10/31/2016,22725,171,31,277,34.0875,16213817,149519,7889,171461,24320.7255
11/1/2016,62345,689,11,869,93.5175,16276162,150208,7900,172330,24414.243
11/2/2016,99283,820,40,727,148.9245,16375445,151028,7940,173057,24563.1675
11/3/2016,88978,454,13,483,133.467,16464423,151482,7953,173540,24696.6345
11/4/2016,12308,165,41,368,18.462,16476731,151647,7994,173908,24715.0965
11/5/2016,64892,237,8,493,97.338,16541623,151884,8002,174401,24812.4345
11/6/2016,30662,995,10,734,45.993,16572285,152879,8012,175135,24858.4275
11/7/2016,54184,198,37,938,81.276,16626469,153077,8049,176073,24939.7035
11/8/2016,78906,243,32,756,118.359,16705375,153320,8081,176829,25058.0625
11/9/2016,89904,216,26,991,134.856,16795279,153536,8107,177820,25192.9185
11/10/2016,94282,485,24,695,141.423,16889561,154021,8131,178515,25334.3415
11/11/2016,48735,461,40,753,73.1025,16938296,154482,8171,179268,25407.444
11/12/2016,21974,395,40,627,32.961,16960270,154877,8211,179895,25440.405
11/13/2016,15081,345,39,716,22.6215,16975351,155222,8250,180611,25463.0265
11/14/2016,72894,21,23,520,109.341,17048245,155243,8273,181131,25572.3675
11/15/2016,40600,191,43,890,60.9,17088845,155434,8316,182021,25633.2675
11/16/2016,90630,755,46,862,135.945,17179475,156189,8362,182883,25769.2125
11/17/2016,75609,463,8,994,113.4135,17255084,156652,8370,183877,25882.626
11/18/2016,59521,542,28,433,89.2815,17314605,157194,8398,184310,25971.9075
11/19/2016,80157,269,16,648,120.2355,17394762,157463,8414,184958,26092.143
11/20/2016,63394,724,13,423,95.091,17458156,158187,8427,185381,26187.234
11/21/2016,37412,897,28,360,56.118,17495568,159084,8455,185741,26243.352
11/22/2016,74682,140,37,404,112.023,17570250,159224,8492,186145,26355.375
11/23/2016,99004,66,10,365,148.506,17669254,159290,8502,186510,26503.881
11/24/2016,50339,60,23,437,75.5085,17719593,159350,8525,186947,26579.3895
11/25/2016,87537,697,45,498,131.3055,17807130,160047,8570,187445,26710.695
11/26/2016,13445,945,33,441,20.1675,17820575,160992,8603,187886,26730.8625
11/27/2016,71279,535,35,801,106.9185,17891854,161527,8638,188687,26837.781
11/28/2016,87357,485,4,173,131.0355,17979211,162012,8642,188860,26968.8165
11/29/2016,42188,496,1,549,63.282,18021399,162508,8643,189409,27032.0985
11/30/2016,51644,396,11,539,77.466,18073043,162904,8654,189948,27109.5645
12/1/2016,89857,94,31,745,134.7855,18162900,162998,8685,190693,27244.35
12/2/2016,18752,620,43,172,28.128,18181652,163618,8728,190865,27272.478
12/3/2016,68395,437,40,215,102.5925,18250047,164055,8768,191080,27375.0705
12/4/2016,5125,306,39,893,7.6875,18255172,164361,8807,191973,27382.758
12/5/2016,9211,460,6,685,13.8165,18264383,164821,8813,192658,27396.5745
12/6/2016,2129,902,38,209,3.1935,18266512,165723,8851,192867,27399.768
12/7/2016,91571,661,2,815,137.3565,18358083,166384,8853,193682,27537.1245
12/8/2016,24881,545,47,903,37.3215,18382964,166929,8900,194585,27574.446
12/9/2016,63555,426,49,684,95.3325,18446519,167355,8949,195269,27669.7785
12/10/2016,28146,618,2,296,42.219,18474665,167973,8951,195565,27711.9975
12/11/2016,39861,586,34,852,59.7915,18514526,168559,8985,196417,27771.789
12/12/2016,18564,26,20,685,27.846,18533090,168585,9005,197102,27799.635
12/13/2016,73642,847,22,181,110.463,18606732,169432,9027,197283,27910.098
12/14/2016,57547,556,42,270,86.3205,18664279,169988,9069,197553,27996.4185
12/15/2016,47245,301,37,247,70.8675,18711524,170289,9106,197800,28067.286
12/16/2016,1367,884,24,893,2.0505,18712891,171173,9130,198693,28069.3365
12/17/2016,94470,888,11,268,141.705,18807361,172061,9141,198961,28211.0415
12/18/2016,50801,545,15,606,76.2015,18858162,172606,9156,199567,28287.243
12/19/2016,61362,441,7,439,92.043,18919524,173047,9163,200006,28379.286
12/20/2016,28484,24,22,812,42.726,18948008,173071,9185,200818,28422.012
12/21/2016,64860,480,50,799,97.29,19012868,173551,9235,201617,28519.302
12/22/2016,60812,663,43,721,91.218,19073680,174214,9278,202338,28610.52
12/23/2016,74934,118,18,733,112.401,19148614,174332,9296,203071,28722.921
12/24/2016,53095,689,11,779,79.6425,19201709,175021,9307,203850,28802.5635
12/25/2016,63825,940,26,459,95.7375,19265534,175961,9333,204309,28898.301
12/26/2016,33720,956,34,582,50.58,19299254,176917,9367,204891,28948.881
12/27/2016,11949,959,21,952,17.9235,19311203,177876,9388,205843,28966.8045
12/28/2016,43945,234,45,647,65.9175,19355148,178110,9433,206490,29032.722
12/29/2016,69907,714,18,388,104.8605,19425055,178824,9451,206878,29137.5825
12/30/2016,38885,653,5,250,58.3275,19463940,179477,9456,207128,29195.91
12/31/2016,42029,688,34,139,63.0435,19505969,180165,9490,207267,29258.9535